1 -5.345
2 -10.690
3 -8.018
4 -10.690
6 -10.690
7 -12.472
9 -12.026
10 -10.690
11 -11.759
12 -10.690
13 -11.581
14 -10.690
15 -11.454
16 -10.690
17 -11.358
18 -12.026
19 -11.284
20 -10.690
21 -11.224
22 -11.759
23 -11.176
24 -10.690
25 -11.135
26 -11.581
27 -11.101
28 -10.690
29 -11.072
30 -11.454
31 -11.046
32 -10.690
33 -11.024
34 -11.358
35 -11.004
36 -12.026
36 -10.690
37 -11.633
38 -11.284
39 -10.971
40 -11.878
41 -11.534
42 -11.224
43 -11.492
44 -11.759
45 -11.454
46 -11.176
47 -11.419
48 -11.662
49 -11.905
50 -12.148
51 -11.852
52 -11.581
53 -11.804
54 -12.026
54 -11.101
55 -11.759
56 -11.512
57 -11.718
58 -11.923
58 -11.072
59 -11.680
60 -11.454
61 -11.644
62 -11.835
63 -11.612
64 -12.217
65 -11.980
66 -11.759
67 -11.937
68 -12.115
69 -11.897
70 -11.692
71 -12.242
72 -12.026
73 -12.193
74 -12.360
74 -11.633
75 -12.148
76 -11.948
77 -12.105
78 -12.262
79 -12.064
80 -12.576
80 -11.878
81 -12.370
82 -12.175
83 -12.323
84 -12.472
84 -11.815
85 -12.279
86 -12.769
86 -12.097
87 -12.237
88 -12.378
89 -12.198
90 -12.026
91 -12.160
92 -12.293
92 -11.708
93 -12.124
94 -12.561
94 -11.963
95 -12.090
96 -12.217
96 -11.662
97 -12.344
98 -12.472
98 -11.905
99 -12.026
100 -12.148
101 -12.269
102 -12.391
102 -11.852
103 -12.234
104 -12.634
104 -12.084
105 -12.201
106 -12.317
107 -12.168
108 -12.549
109 -12.396
110 -12.782
110 -12.249
111 -12.360
112 -12.472
112 -11.973
113 -12.326
114 -12.187
115 -12.293
116 -12.400
117 -12.507
118 -12.614
119 -12.721
120 -12.828
121 -12.681
122 -13.042
122 -12.540
123 -12.891
124 -13.256
124 -12.746
125 -12.849
126 -12.951
126 -12.472
127 -12.808
128 -12.670
129 -12.769
130 -12.868
131 -12.967
132 -13.066
133 -12.925
134 -12.790
135 -12.885
136 -12.981
137 -13.076
138 -13.172
139 -13.034
140 -12.902
141 -12.774
142 -12.650
143 -12.739
144 -12.414
145 -12.917
146 -13.006
148 -13.184
150 -12.931
152 -13.104
153 -12.981
154 -13.276
154 -12.861
155 -12.945
156 -13.028
156 -12.634
157 -13.112
158 -13.195
158 -12.796
159 -13.075
160 -12.958
161 -13.039
162 -13.120
162 -12.734
163 -13.201
164 -13.282
164 -12.891
165 -13.163
166 -13.048
167 -13.127
168 -13.205
168 -12.828
169 -13.091
170 -13.362
170 -12.981
171 -13.057
172 -13.133
173 -13.210
174 -13.286
175 -13.174
176 -13.066
177 -13.140
178 -13.214
179 -13.288
180 -13.362
181 -13.253
185 -13.184
187 -13.152
188 -13.222
189 -13.292
190 -13.362
191 -13.258
192 -13.503
192 -13.157
193 -13.397
194 -13.294
195 -13.362
196 -13.431
196 -13.095
197 -13.329
198 -13.568
198 -13.229
199 -13.296
200 -13.363
201 -13.429
202 -13.496
203 -13.395
204 -13.630
205 -13.527
206 -13.428
207 -13.493
208 -13.558
232 -13.778
235 -13.653
238 -13.827
244 -13.874
